-19.556, 9.234567869, 2.564975271
-0.99, 0.01, 2.61352807
-0.98, 0.02, 2.648981025
-0.97, 0.03, 2.650580403
-0.96, 0.04, 2.60731887
-0.95, 0.05, 2.521283244
-0.94, 0.06, 2.407586094
-0.93, 0.07, 2.291032713
-0.92, 0.08, 2.200402714
-0.91, 0.09, 2.161729734
-0.9, 0.1, 2.192126342
-0.89, 0.11, 2.295514695
-0.88, 0.12, 2.461154036
-0.87, 0.13, 2.665225365
-0.86, 0.14, 2.875086276
-0.85, 0.15, 3.05528036
-0.84, 0.16, 3.174074434
-0.83, 0.17, 3.209249041
-0.82, 0.18, 3.152072187
-0.81, 0.19, 3.008783445
-0.8, 0.2, 2.799413686
-0.79, 0.21, 2.554262238
-0.78, 0.22, 2.308755731
-0.77, 0.23, 2.097654992
-0.76, 0.24, 1.949628006
-0.75, 0.25, 1.883075557
-0.74, 0.26, 1.903821285
-0.73, 0.27, 2.004920714
-0.72, 0.28, 2.168473534
-0.71, 0.29, 2.369004469
-0.7, 0.3, 2.577759216
-0.69, 0.31, 2.767169918
-0.68, 0.32, 2.914781829
-0.67, 0.33, 3.006080288
-0.66, 0.34, 3.035879502
-0.65, 0.35, 3.00818883
-0.64, 0.36, 2.934714498
-0.63, 0.37, 2.832348456
-0.62, 0.38, 2.72011635
-0.61, 0.39, 2.616092996
-0.6, 0.4, 2.534749662
-0.59, 0.41, 2.485088603
-0.58, 0.42, 2.469769776
-0.57, 0.43, 2.485269595
-0.56, 0.44, 2.522957525
-0.55, 0.45, 2.570854573
-0.54, 0.46, 2.615762022
-0.53, 0.47, 2.645424822
-0.52, 0.48, 2.650419437
-0.51, 0.49, 2.625521687
-0.5, 0.5, 2.570402689
-0.49, 0.51, 2.489604878
-0.48, 0.52, 2.391850084
-0.47, 0.53, 2.288814989
-0.46, 0.54, 2.193566917
-0.45, 0.55, 2.118880226
-0.44, 0.56, 2.075650546
-0.43, 0.57, 2.071594379
-0.42, 0.58, 2.110371852
-0.41, 0.59, 2.191209023
-0.4, 0.6, 2.309031663
-0.39, 0.61, 2.455062936
-0.38, 0.62, 2.617789254
-0.37, 0.63, 2.784165974
-0.36, 0.64, 2.940919539
-0.35, 0.65, 3.075804745
-0.34, 0.66, 3.178692856
-0.33, 0.67, 3.242394739
-0.32, 0.68, 3.263158571
-0.31, 0.69, 3.240819602
-0.3, 0.7, 3.178615531
-0.29, 0.71, 3.082711976
-0.28, 0.72, 2.961505658
-0.27, 0.73, 2.824787068
-0.26, 0.74, 2.682849138
-0.25, 0.75, 2.545624637
-0.24, 0.76, 2.421923985
-0.23, 0.77, 2.318828912
-0.22, 0.78, 2.241278109
-0.21, 0.79, 2.191860744
-0.2, 0.8, 2.170814522
-0.19, 0.81, 2.176208352
-0.18, 0.82, 2.20427671
-0.17, 0.83, 2.24986425
-0.16, 0.84, 2.306934997
-0.15, 0.85, 2.369100597
-0.14, 0.86, 2.430125773
-0.13, 0.87, 2.484375683
-0.12, 0.88, 2.527178363
-0.11, 0.89, 2.55508483
-0.1, 0.9, 2.566019002
-0.09, 0.91, 2.559318459
-0.08, 0.92, 2.535674726
-0.07, 0.93, 2.496987788
-0.06, 0.94, 2.446153723
-0.05, 0.95, 2.386806609
-0.04, 0.96, 2.3230364
-0.03, 0.97, 2.259103408
-0.02, 0.98, 2.199167735
-0.01, 0.99, 2.147048793
0, 1, 2.106026308
0.01, 1.01, 2.078690187
0.02, 1.02, 2.066842771
0.03, 1.03, 2.071453384
0.04, 1.04, 2.092662009
0.05, 1.05, 2.129826504
0.06, 1.06, 2.181605943
0.07, 1.07, 2.246071632
0.08, 1.08, 2.320836879
0.09, 1.09, 2.403196733
0.1, 1.1, 2.490269526
0.11, 1.11, 2.579133015
0.12, 1.12, 2.666949154
0.13, 1.13, 2.751072872
0.14, 1.14, 2.829141672
0.15, 1.15, 2.899144216
0.16, 1.16, 2.95946732
0.17, 1.17, 3.00892188
0.18, 1.18, 3.046749181
0.19, 1.19, 3.072609707
0.2, 1.2, 3.08655708
0.21, 1.21, 3.089000062
0.22, 1.22, 3.080655622
0.23, 1.23, 3.062496076
0.24, 1.24, 3.035693083
0.25, 1.25, 3.001561047
0.26, 1.26, 2.961502118
0.27, 1.27, 2.91695459
0.28, 1.28, 2.869346124
0.29, 1.29, 2.820052801
0.3, 1.3, 2.770364657
0.31, 1.31, 2.721458001
0.32, 1.32, 2.674374528
0.33, 1.33, 2.630006987
0.34, 1.34, 2.589090965
0.35, 1.35, 2.552202207
0.36, 1.36, 2.519758783
0.37, 1.37, 2.492027362
0.38, 1.38, 2.469132822
0.39, 1.39, 2.451070458
0.4, 1.4, 2.437720048
0.41, 1.41, 2.428861144
0.42, 1.42, 2.424188974
0.43, 1.43, 2.423330465
0.44, 1.44, 2.425859934
0.45, 1.45, 2.431314125
0.46, 1.46, 2.439206309
0.47, 1.47, 2.449039265
0.48, 1.48, 2.46031701
0.49, 1.49, 2.472555221
0.5, 1.5, 2.485290329
0.51, 1.51, 2.49808731
0.52, 1.52, 2.51054624
0.53, 1.53, 2.522307676
0.54, 1.54, 2.533056981
0.55, 1.55, 2.542527679
0.56, 1.56, 2.550503948
0.57, 1.57, 2.556822354
0.58, 1.58, 2.561372908
0.59, 1.59, 2.564099536
0.6, 1.6, 2.565
0.61, 1.61, 2.564125339
0.62, 1.62, 2.561578831
0.63, 1.63, 2.557514494
0.64, 1.64, 2.552135106
0.65, 1.65, 2.545689718
0.66, 1.66, 2.538470604
0.67, 1.67, 2.530809597
0.68, 1.68, 2.523073742
0.69, 1.69, 2.515660195
0.7, 1.7, 2.508990288
0.71, 1.71, 2.503502712
0.72, 1.72, 2.499645752
0.73, 1.73, 2.497868555
0.74, 1.74, 2.498611411
0.75, 1.75, 2.502295098
0.76, 1.76, 2.509309344
0.77, 1.77, 2.520000539
0.78, 1.78, 2.534658872
0.79, 1.79, 2.553505127
0.8, 1.8, 2.576677445
0.81, 1.81, 2.604218415
0.82, 1.82, 2.636062933
0.83, 1.83, 2.672027319
0.84, 1.84, 2.711800245
0.85, 1.85, 2.75493605
0.86, 1.86, 2.800851077
0.87, 1.87, 2.848823628
0.88, 1.88, 2.89799814
0.89, 1.89, 2.947394122
0.9, 1.9, 2.995920308
0.91, 1.91, 3.042394329
0.92, 1.92, 3.085568096
0.93, 1.93, 3.124158799
0.94, 1.94, 3.156885259
0.95, 1.95, 3.182509028
0.96, 1.96, 3.199879356
0.97, 1.97, 3.207980798
0.98, 1.98, 3.205981925
0.99, 1.99, 3.193283259
1, 2, 3.169562298
1.01, 2.01, 3.134813242
1.02, 2.02, 3.089378904
1.03, 2.03, 3.033972241
1.04, 2.04, 2.969685018
1.05, 2.05, 2.897981372
1.06, 2.06, 2.820674417
1.07, 2.07, 2.739884644
1.08, 2.08, 2.657979587
1.09, 2.09, 2.577495168
1.1, 2.1, 2.50104018
1.11, 2.11, 2.431186544
1.12, 2.12, 2.370349153
1.13, 2.13, 2.320660351
1.14, 2.14, 2.283845145
1.15, 2.15, 2.261104178
1.16, 2.16, 2.253012073
1.17, 2.17, 2.259439028
1.18, 2.18, 2.279503247
1.19, 2.19, 2.311561064
1.2, 2.2, 2.353240199
1.21, 2.21, 2.401519646
1.22, 2.22, 2.452857131
1.23, 2.23, 2.50336209
1.24, 2.24, 2.549008687
1.25, 2.25, 2.585879939
1.26, 2.26, 2.61043048
1.27, 2.27, 2.61975246
1.28, 2.28, 2.611826628
1.29, 2.29, 2.585739163
1.3, 2.3, 2.541844656
1.31, 2.31, 2.481856894
1.32, 2.32, 2.408852046
1.33, 2.33, 2.327173453
1.34, 2.34, 2.2422334
1.35, 2.35, 2.160214735
1.36, 2.36, 2.087683614
1.37, 2.37, 2.031133281
1.38, 2.38, 1.996487107
1.39, 2.39, 1.988596141
1.4, 2.4, 2.010771384
1.41, 2.41, 2.064393191
1.42, 2.42, 2.148638798
1.43, 2.43, 2.260363729
1.44, 2.44, 2.394163536
1.45, 2.45, 2.542629293
1.46, 2.46, 2.696794157
1.47, 2.47, 2.846750376
1.48, 2.48, 2.982397717
1.49, 2.49, 3.094267362
1.5, 2.5, 3.174351801
1.51, 2.51, 3.21686299
1.52, 2.52, 3.218839742
1.53, 2.53, 3.180532136
1.54, 2.54, 3.105505947
1.55, 2.55, 3.000433392
1.56, 2.56, 2.874566223
1.57, 2.57, 2.738920969
1.58, 2.58, 2.605240572
1.59, 2.59, 2.484827845
1.6, 2.6, 2.387369946
1.61, 2.61, 2.319885614
1.62, 2.62, 2.285925094
1.63, 2.63, 2.285134982
1.64, 2.64, 2.313266571
1.65, 2.65, 2.362659015
1.66, 2.66, 2.423171939
1.67, 2.67, 2.48348228
1.68, 2.68, 2.532604606
1.69, 2.69, 2.561451019
1.7, 2.7, 2.5642234
1.71, 2.71, 2.539433159
1.72, 2.72, 2.490374579
1.73, 2.73, 2.42493693
1.74, 2.74, 2.354722617
1.75, 2.75, 2.293535115
1.76, 2.76, 2.255398811
1.77, 2.77, 2.252358912
1.78, 2.78, 2.292368737
1.79, 2.79, 2.377591575
1.8, 2.8, 2.503416837
1.81, 2.81, 2.65841354
1.82, 2.82, 2.825324162
1.83, 2.83, 2.983051779
1.84, 2.84, 3.109433577
1.85, 2.85, 3.184448488
1.86, 2.86, 3.193401455
1.87, 2.87, 3.129583595
1.88, 2.88, 2.995941088
1.89, 2.89, 2.805399445
1.9, 2.9, 2.579674217
1.91, 2.91, 2.346631112
1.92, 2.92, 2.136503464
1.93, 2.93, 1.977492212
1.94, 2.94, 1.891421853
1.95, 2.95, 1.890171628
1.96, 2.96, 1.973525363
1.97, 2.97, 2.128886872
1.98, 2.98, 2.333014139
1.99, 2.99, 2.555579014
2, 3, 2.764019317
2.01, 3.01, 2.928881978
2.02, 3.02, 3.028717091
2.03, 3.03, 3.053612677
2.04, 3.04, 3.006667985
2.05, 3.05, 2.903064134
2.06, 3.06, 2.766845589
2.07, 3.07, 2.625989695
2.08, 3.08, 2.506718741
2.09, 3.09, 2.428212859
2.1, 3.1, 2.39885372
2.11, 3.11, 2.414854418
2.12, 3.12, 2.461648733
2.13, 3.13, 2.517812492
2.14, 3.14, 2.560696237
2.15, 3.15, 2.57249876
2.16, 3.16, 2.545323288
2.17, 3.17, 2.48390117
2.18, 3.18, 2.405139724
2.19, 3.19, 2.334369887
2.2, 3.2, 2.298985149
2.21, 3.21, 2.320884755
2.22, 3.22, 2.409572245
2.23, 3.23, 2.557775182
2.24, 3.24, 2.740994069
2.25, 3.25, 2.921523208
2.26, 3.26, 3.056390231
2.27, 3.27, 3.10759112
2.28, 3.28, 3.052233256
2.29, 3.29, 2.889972813
2.3, 3.3, 2.645562302
2.31, 3.31, 2.365367627
2.32, 3.32, 2.10816201
2.33, 3.33, 1.932015777
2.34, 3.34, 1.880280708
2.35, 3.35, 1.970166673
2.36, 3.36, 2.18702558
2.37, 3.37, 2.486212161
2.38, 3.38, 2.80254094
2.39, 3.39, 3.065355098
2.4, 3.4, 3.215603407
2.41, 3.41, 3.220566605
2.42, 3.42, 3.082264311
2.43, 3.43, 2.837086167
2.44, 3.44, 2.546479873
2.45, 3.45, 2.280993363
2.46, 3.46, 2.101907884
2.47, 3.47, 2.045513007
2.48, 3.48, 2.114454379
2.49, 3.49, 2.278632107
2.5, 3.5, 2.485358448
2.51, 3.51, 2.67570344
2.52, 3.52, 2.802029928
2.53, 3.53, 2.841296487
2.54, 3.54, 2.799998783
2.55, 3.55, 2.709292362
2.56, 3.56, 2.612079436
2.57, 3.57, 2.546590566
2.58, 3.58, 2.532285247
2.59, 3.59, 2.563203421
2.6, 3.6, 2.611348301
2.61, 3.61, 2.639063321
2.62, 3.62, 2.615920957
2.63, 3.63, 2.533645641
2.64, 3.64, 2.41290151
2.65, 3.65, 2.29846457
2.66, 3.66, 2.243561292
2.67, 3.67, 2.288513695
2.68, 3.68, 2.441623106
2.69, 3.69, 2.670217429
2.7, 3.7, 2.906691061
2.71, 3.71, 3.069053386
2.72, 3.72, 3.089793026
2.73, 3.73, 2.942934372
2.74, 3.74, 2.658729044
2.75, 3.75, 2.319030316
2.76, 3.76, 2.033067174
2.77, 3.77, 1.900788783
2.78, 3.78, 1.976367478
2.79, 3.79, 2.245519699
2.8, 3.8, 2.626202866
2.81, 3.81, 2.994107943
2.82, 3.82, 3.225031892
2.83, 3.83, 3.239250028
2.84, 3.84, 3.031344374
2.85, 3.85, 2.67362653
2.86, 3.86, 2.290896747
2.87, 3.87, 2.015283696
2.88, 3.88, 1.937974864
2.89, 3.89, 2.076354966
2.9, 3.9, 2.369407362
2.91, 3.91, 2.703191197
2.92, 3.92, 2.956135514
2.93, 3.93, 3.045796497
2.94, 3.94, 2.958150436
2.95, 3.95, 2.747902897
2.96, 3.96, 2.510684589
2.97, 3.97, 2.340064762
2.98, 3.98, 2.288684046
2.99, 3.99, 2.350515702
3, 4, 2.471205169
3.01, 4.01, 2.580157807
3.02, 4.02, 2.627774255
3.03, 4.03, 2.608992646
3.04, 4.04, 2.561396448
3.05, 4.05, 2.539329555
3.06, 4.06, 2.578251202
3.07, 4.07, 2.669328952
3.08, 4.08, 2.759593754
3.09, 4.09, 2.779674043
3.1, 4.1, 2.685688596
3.11, 4.11, 2.49248646
3.12, 4.12, 2.277743219
3.13, 4.13, 2.150351795
3.14, 4.14, 2.195689902
3.15, 4.15, 2.424815813
3.16, 4.16, 2.756019054
3.17, 4.17, 3.043193726
3.18, 4.18, 3.142037732
3.19, 4.19, 2.983735209
3.2, 4.2, 2.618303485
3.21, 4.21, 2.2017017
3.22, 4.22, 1.927737046
3.23, 4.23, 1.934843673
3.24, 4.24, 2.233615049
3.25, 4.25, 2.693889872
3.26, 4.26, 3.102042986
3.27, 4.27, 3.263266863
3.28, 4.28, 3.098657372
3.29, 4.29, 2.686976301
3.3, 4.3, 2.227612003
3.31, 4.31, 1.94168464
3.32, 4.32, 1.961317431
3.33, 4.33, 2.264540292
3.34, 4.34, 2.690020598
3.35, 4.35, 3.023523795
3.36, 4.36, 3.109463532
3.37, 4.37, 2.927582724
3.38, 4.38, 2.594595493
3.39, 4.39, 2.292744109
3.4, 4.4, 2.16784593
3.41, 4.41, 2.255141984
3.42, 4.42, 2.473009555
3.43, 4.43, 2.683344602
3.44, 4.44, 2.778061238
3.45, 4.45, 2.737608883
3.46, 4.46, 2.627756993
3.47, 4.47, 2.541961315
3.48, 4.48, 2.53185051
3.49, 4.49, 2.574655201
3.5, 4.5, 2.599378048
3.51, 4.51, 2.551141602
3.52, 4.52, 2.44455924
3.53, 4.53, 2.363003844
3.54, 4.54, 2.398922105
3.55, 4.55, 2.575335035
3.56, 4.56, 2.807993131
3.57, 4.57, 2.944578655
3.58, 4.58, 2.864236326
3.59, 4.59, 2.573069206
3.6, 4.6, 2.224570664
3.61, 4.61, 2.038214947
3.62, 4.62, 2.15893541
3.63, 4.63, 2.54811577
3.64, 4.64, 2.98614972
3.65, 4.65, 3.198255259
3.66, 4.66, 3.030935328
3.67, 4.67, 2.563939536
3.68, 4.68, 2.075905635
3.69, 4.69, 1.874957716
3.7, 4.7, 2.098709311
3.71, 4.71, 2.61638636
3.72, 4.72, 3.104510182
3.73, 4.73, 3.253237129
3.74, 4.74, 2.969403878
3.75, 4.75, 2.439397148
3.76, 4.76, 2.006538421
3.77, 4.77, 1.943643206
3.78, 4.78, 2.274572825
3.79, 4.79, 2.765894213
3.8, 4.8, 3.091986986
3.81, 4.81, 3.056435756
3.82, 4.82, 2.715326704
3.83, 4.83, 2.32101484
3.84, 4.84, 2.134766424
3.85, 4.85, 2.248145453
3.86, 4.86, 2.539513229
3.87, 4.87, 2.786005329
3.88, 4.88, 2.835133981
3.89, 4.89, 2.702572873
3.9, 4.9, 2.529925077
3.91, 4.91, 2.451480138
3.92, 4.92, 2.48797956
3.93, 4.93, 2.553379569
3.94, 4.94, 2.557336043
3.95, 4.95, 2.501631394
3.96, 4.96, 2.477132356
3.97, 4.97, 2.562559615
3.98, 4.98, 2.723113089
3.99, 4.99, 2.815636394
4, 5, 2.712786236
4.01, 5.01, 2.441428807
4.02, 5.02, 2.199303078
4.03, 5.03, 2.209194328
4.04, 5.04, 2.518287467
4.05, 5.05, 2.920126793
4.06, 5.06, 3.091896369
4.07, 5.07, 2.857417362
4.08, 5.08, 2.359921581
4.09, 5.09, 1.980134451
4.1, 5.1, 2.040072416
4.11, 5.11, 2.525797637
4.12, 5.12, 3.070202177
4.13, 5.13, 3.233821337
4.14, 5.14, 2.866945999
4.15, 5.15, 2.249613488
4.16, 5.16, 1.876950485
4.17, 5.17, 2.054584173
4.18, 5.18, 2.640233645
4.19, 5.19, 3.155885221
4.2, 5.2, 3.183916725
4.21, 5.21, 2.714306308
4.22, 5.22, 2.146873429
4.23, 5.23, 1.947688228
4.24, 5.24, 2.257522082
4.25, 5.25, 2.788828384
4.26, 5.26, 3.090865949
4.27, 5.27, 2.939454575
4.28, 5.28, 2.507693483
4.29, 5.29, 2.182591736
4.3, 5.3, 2.213585559
4.31, 5.31, 2.516646886
4.32, 5.32, 2.793243729
4.33, 5.33, 2.823416048
4.34, 5.34, 2.64502646
4.35, 5.35, 2.467679142
4.36, 5.36, 2.44047632
4.37, 5.37, 2.522889133
4.38, 5.38, 2.575523109
4.39, 5.39, 2.543807961
4.4, 5.4, 2.515713044
4.41, 5.41, 2.590213365
4.42, 5.42, 2.720756031
4.43, 5.43, 2.737853563
4.44, 5.44, 2.550547905
4.45, 5.45, 2.299987292
4.46, 5.46, 2.257572507
4.47, 5.47, 2.534252431
4.48, 5.48, 2.908531341
4.49, 5.49, 3.000386866
4.5, 5.5, 2.659943744
4.51, 5.51, 2.172292063
4.52, 5.52, 2.020950059
4.53, 5.53, 2.402338706
4.54, 5.54, 2.983083796
4.55, 5.55, 3.190554981
4.56, 5.56, 2.785657518
4.57, 5.57, 2.138339907
4.58, 5.58, 1.889138133
4.59, 5.59, 2.305820307
4.6, 5.6, 2.989680925
4.61, 5.61, 3.25848342
4.62, 5.62, 2.837491772
4.63, 5.63, 2.148900895
4.64, 5.64, 1.886587633
4.65, 5.65, 2.306015797
4.66, 5.66, 2.966776775
4.67, 5.67, 3.196535702
4.68, 5.68, 2.786103805
4.69, 5.69, 2.185596252
4.7, 5.7, 2.010339778
4.71, 5.71, 2.399798068
4.72, 5.72, 2.909107245
4.73, 5.73, 3.016118757
4.74, 5.74, 2.666242663
4.75, 5.75, 2.275268767
4.76, 5.76, 2.238222067
4.77, 5.77, 2.522823326
4.78, 5.78, 2.7757345
4.79, 5.79, 2.756117846
4.8, 5.8, 2.56770983
4.81, 5.81, 2.460443677
4.82, 5.82, 2.507088211
4.83, 5.83, 2.567778386
4.84, 5.84, 2.539111224
4.85, 5.85, 2.509939268
4.86, 5.86, 2.60175988
4.87, 5.87, 2.735177868
4.88, 5.88, 2.692810904
4.89, 5.89, 2.439621657
4.9, 5.9, 2.255360096
4.91, 5.91, 2.42324108
4.92, 5.92, 2.821564277
4.93, 5.93, 2.983835505
4.94, 5.94, 2.649973969
4.95, 5.95, 2.153988887
4.96, 5.96, 2.095046776
4.97, 5.97, 2.606945608
4.98, 5.98, 3.122300029
4.99, 5.99, 3.005111783
5, 6, 2.343775642
5.01, 6.01, 1.908142161
5.02, 6.02, 2.244652372
5.03, 6.03, 2.982004205
5.04, 6.04, 3.238566537
5.05, 6.05, 2.688593894
5.06, 6.06, 1.98444865
5.07, 6.07, 1.97846297
5.08, 6.08, 2.677186708
5.09, 6.09, 3.227520024
5.1, 6.1, 2.967201347
5.11, 6.11, 2.2355147
5.12, 6.12, 1.934638802
5.13, 6.13, 2.404996924
5.14, 6.14, 3.031995349
5.15, 6.15, 3.050304132
5.16, 6.16, 2.491025045
5.17, 6.17, 2.082103203
5.18, 6.18, 2.294493305
5.19, 6.19, 2.792791671
5.2, 6.2, 2.942430629
5.21, 6.21, 2.627301123
5.22, 6.22, 2.310537358
5.23, 6.23, 2.362399562
5.24, 6.24, 2.623118256
5.25, 6.25, 2.725397408
5.26, 6.26, 2.613162204
5.27, 6.27, 2.520044868
5.28, 6.28, 2.550752043
5.29, 6.29, 2.562856062
5.3, 6.3, 2.48624679
5.31, 6.31, 2.487818582
5.32, 6.32, 2.664505714
5.33, 6.33, 2.782961926
5.34, 6.34, 2.589147034
5.35, 6.35, 2.278095565
5.36, 6.36, 2.318138511
5.37, 6.37, 2.748584629
5.38, 6.38, 2.998422368
5.39, 6.39, 2.64915294
5.4, 6.4, 2.117988211
5.41, 6.41, 2.167290695
5.42, 6.42, 2.802431021
5.43, 6.43, 3.159649051
5.44, 6.44, 2.689640469
5.45, 6.45, 2.004745032
5.46, 6.46, 2.081463505
5.47, 6.47, 2.854683387
5.48, 6.48, 3.244238125
5.49, 6.49, 2.675771436
5.5, 6.5, 1.939094235
5.51, 6.51, 2.086598446
5.52, 6.52, 2.913369034
5.53, 6.53, 3.236626965
5.54, 6.54, 2.601798508
5.55, 6.55, 1.934685602
5.56, 6.56, 2.18502847
5.57, 6.57, 2.957905803
5.58, 6.58, 3.129734633
5.59, 6.59, 2.496463037
5.6, 6.6, 2.013927373
5.61, 6.61, 2.348061381
5.62, 6.62, 2.945223306
5.63, 6.63, 2.938743056
5.64, 6.64, 2.419713347
5.65, 6.65, 2.187218971
5.66, 6.66, 2.510558682
5.67, 6.67, 2.833797842
5.68, 6.68, 2.71894016
5.69, 6.69, 2.441678103
5.7, 6.7, 2.422598787
5.71, 6.71, 2.582629076
5.72, 6.72, 2.623400482
5.73, 6.73, 2.567997615
5.74, 6.74, 2.598426239
5.75, 6.75, 2.626996055
5.76, 6.76, 2.492929519
5.77, 6.77, 2.391085346
5.78, 6.78, 2.589027472
5.79, 6.79, 2.839191447
5.8, 6.8, 2.671344395
5.81, 6.81, 2.256634209
5.82, 6.82, 2.283600304
5.83, 6.83, 2.810532344
5.84, 6.84, 3.010700876
5.85, 6.85, 2.477573247
5.86, 6.86, 2.019478789
5.87, 6.87, 2.430853817
5.88, 6.88, 3.110467844
5.89, 6.89, 2.933859864
5.9, 6.9, 2.127431184
5.91, 6.91, 2.001549305
5.92, 6.92, 2.806360248
5.93, 6.93, 3.241159492
5.94, 6.94, 2.568564319
5.95, 6.95, 1.87880041
5.96, 6.96, 2.315761749
5.97, 6.97, 3.161569629
5.98, 6.98, 3.016446662
5.99, 6.99, 2.134345348
6, 7, 1.985839159
6.01, 7.01, 2.789573205
6.02, 7.02, 3.184488947
6.03, 7.03, 2.547123732
6.04, 7.04, 1.987169302
6.05, 7.05, 2.410040144
6.06, 7.06, 3.039126761
6.07, 7.07, 2.835525152
6.08, 7.08, 2.228210942
6.09, 7.09, 2.245818963
6.1, 7.1, 2.761052488
6.11, 7.11, 2.869598111
6.12, 7.12, 2.486788411
6.13, 7.13, 2.324116231
6.14, 7.14, 2.566679652
6.15, 7.15, 2.71336822
6.16, 7.16, 2.589780575
6.17, 7.17, 2.51587531
6.18, 7.18, 2.563188923
6.19, 7.19, 2.52808739
6.2, 7.2, 2.502693965
6.21, 7.21, 2.659694021
6.22, 7.22, 2.719283319
6.23, 7.23, 2.449536072
6.24, 7.24, 2.306304644
6.25, 7.25, 2.661917538
6.26, 7.26, 2.925565046
6.27, 7.27, 2.522622531
6.28, 7.28, 2.117664715
6.29, 7.29, 2.524351181
6.3, 7.3, 3.075078823
6.31, 7.31, 2.707167499
6.32, 7.32, 2.021043315
6.33, 7.33, 2.313652345
6.34, 7.34, 3.113045817
6.35, 7.35, 2.922906246
6.36, 7.36, 2.040284263
6.37, 7.37, 2.111889286
6.38, 7.38, 3.043748163
6.39, 7.39, 3.095367378
6.4, 7.4, 2.148625335
6.41, 7.41, 1.979571
6.42, 7.42, 2.909368957
6.43, 7.43, 3.181295913
6.44, 7.44, 2.295715588
6.45, 7.45, 1.942096515
6.46, 7.46, 2.761883138
6.47, 7.47, 3.171689189
6.48, 7.48, 2.433233731
6.49, 7.49, 1.99487916
6.5, 7.5, 2.642188734
6.51, 7.51, 3.081249305
6.52, 7.52, 2.529974026
6.53, 7.53, 2.116671266
6.54, 7.54, 2.570853575
6.55, 7.55, 2.934528344
6.56, 7.56, 2.575898599
6.57, 7.57, 2.282256077
6.58, 7.58, 2.548249197
6.59, 7.59, 2.755505262
6.6, 7.6, 2.578961437
6.61, 7.61, 2.470032457
6.62, 7.62, 2.559684897
6.63, 7.63, 2.562969806
6.64, 7.64, 2.55891903
6.65, 7.65, 2.66385898
6.66, 7.66, 2.581990382
6.67, 7.67, 2.371033299
6.68, 7.68, 2.54076632
6.69, 7.69, 2.850738385
6.7, 7.7, 2.589872078
6.71, 7.71, 2.192629621
6.72, 7.72, 2.54860652
6.73, 7.73, 3.016778312
6.74, 7.74, 2.561902875
6.75, 7.75, 2.043442194
6.76, 7.76, 2.599685655
6.77, 7.77, 3.144015074
6.78, 7.78, 2.486535348
6.79, 7.79, 1.943718816
6.8, 7.8, 2.698373828
6.81, 7.81, 3.210518072
6.82, 7.82, 2.367909557
6.83, 7.83, 1.915784317
6.84, 7.84, 2.831001229
6.85, 7.85, 3.195567416
6.86, 7.86, 2.229708684
6.87, 7.87, 1.976104476
6.88, 7.88, 2.964184276
6.89, 7.89, 3.090080229
6.9, 7.9, 2.113641059
6.91, 7.91, 2.123071925
6.92, 7.92, 3.050551165
6.93, 7.93, 2.909399842
6.94, 7.94, 2.068678526
6.95, 7.95, 2.325389398
6.96, 7.96, 3.044933364
6.97, 7.97, 2.70151947
6.98, 7.98, 2.129754908
6.99, 7.99, 2.519750611
7, 8, 2.929476415
7.01, 8.01, 2.541021659
7.02, 8.02, 2.291319965
7.03, 8.03, 2.62724377
7.04, 8.04, 2.737737206
7.05, 8.05, 2.501472776
7.06, 8.06, 2.490279694
7.07, 8.07, 2.591282104
7.08, 8.08, 2.559532214
7.09, 8.09, 2.610322551
7.1, 8.1, 2.618152917
7.11, 8.11, 2.424163383
7.12, 8.12, 2.508532964
7.13, 8.13, 2.808968031
7.14, 8.14, 2.574086695
7.15, 8.15, 2.23075022
7.16, 8.16, 2.652385641
7.17, 8.17, 2.95495915
7.18, 8.18, 2.342986716
7.19, 8.19, 2.172967831
7.2, 8.2, 2.939686527
7.21, 8.21, 2.893393175
7.22, 8.22, 2.046729847
7.23, 8.23, 2.36717299
7.24, 8.24, 3.187798416
7.25, 8.25, 2.577354621
7.26, 8.26, 1.903722508
7.27, 8.27, 2.767869357
7.28, 8.28, 3.181098118
7.29, 8.29, 2.152235394
7.3, 8.3, 2.080406945
7.31, 8.31, 3.143609232
7.32, 8.32, 2.847074069
7.33, 8.33, 1.898500576
7.34, 8.34, 2.524084165
7.35, 8.35, 3.221197623
7.36, 8.36, 2.370005419
7.37, 8.37, 2.017034424
7.38, 8.38, 2.944914252
7.39, 8.39, 2.929937939
7.4, 8.4, 2.08694193
7.41, 8.41, 2.415653059
7.42, 8.42, 3.039412431
7.43, 8.43, 2.517471168
7.44, 8.44, 2.184095511
7.45, 8.45, 2.744738207
7.46, 8.46, 2.799944002
7.47, 8.47, 2.343595867
7.48, 8.48, 2.47569653
7.49, 8.49, 2.741776761
7.5, 8.5, 2.560209685
7.51, 8.51, 2.483978548
7.52, 8.52, 2.581459886
7.53, 8.53, 2.554605532
7.54, 8.54, 2.615948295
7.55, 8.55, 2.606860508
7.56, 8.56, 2.407580042
7.57, 8.57, 2.58387374
7.58, 8.58, 2.803607325
7.59, 8.59, 2.402036511
7.6, 8.6, 2.334193376
7.61, 8.61, 2.902338925
7.62, 8.62, 2.665392915
7.63, 8.63, 2.104305133
7.64, 8.64, 2.699461109
7.65, 8.65, 3.020534025
7.66, 8.66, 2.163639474
7.67, 8.67, 2.27998572
7.68, 8.68, 3.160873779
7.69, 8.69, 2.543395255
7.7, 8.7, 1.941853916
7.71, 8.71, 2.934422579
7.72, 8.72, 3.008105964
7.73, 8.73, 1.935619597
7.74, 8.74, 2.466921475
7.75, 8.75, 3.256527424
7.76, 8.76, 2.270858293
7.77, 8.77, 2.047204597
7.78, 8.78, 3.149554587
7.79, 8.79, 2.732709139
7.8, 8.8, 1.90656712
7.81, 8.81, 2.78544208
7.82, 8.82, 3.056575243
7.83, 8.83, 2.075278568
7.84, 8.84, 2.398496599
7.85, 8.85, 3.10447851
7.86, 8.86, 2.399894093
7.87, 8.87, 2.188954563
7.88, 8.88, 2.923979968
7.89, 8.89, 2.673254587
7.9, 8.9, 2.210952283
7.91, 8.91, 2.679754878
7.92, 8.92, 2.767709148
7.93, 8.93, 2.374082632
7.94, 8.94, 2.531700137
7.95, 8.95, 2.690055693
7.96, 8.96, 2.528416789
7.97, 8.97, 2.545309323
7.98, 8.98, 2.546820417
7.99, 8.99, 2.562080416
8, 9, 2.676427141
8.01, 9.01, 2.463413826
8.02, 9.02, 2.454207386
8.03, 9.03, 2.818404568
8.04, 9.04, 2.513139735
8.05, 9.05, 2.267543193
8.06, 9.06, 2.869855947
8.07, 9.07, 2.689791104
8.08, 9.08, 2.101203955
8.09, 9.09, 2.783516479
8.1, 9.1, 2.925098758
8.11, 9.11, 2.037556049
8.12, 9.12, 2.578312615
8.13, 9.13, 3.130245479
8.14, 9.14, 2.109255867
8.15, 9.15, 2.319642935
8.16, 9.16, 3.236201204
8.17, 9.17, 2.295016695
8.18, 9.18, 2.085428643
8.19, 9.19, 3.216315509
8.2, 9.2, 2.537498642
8.21, 9.21, 1.935789986
8.22, 9.22, 3.08743924
8.23, 9.23, 2.76983217
8.24, 9.24, 1.896816699
8.25, 9.25, 2.895591658
8.26, 9.26, 2.938455842
8.27, 9.27, 1.95997676
8.28, 9.28, 2.695951611
8.29, 9.29, 3.015520876
8.3, 9.3, 2.092503219
8.31, 9.31, 2.535589873
8.32, 9.32, 3.000121314
8.33, 9.33, 2.25195224
8.34, 9.34, 2.443461448
8.35, 9.35, 2.911591057
8.36, 9.36, 2.399193023
8.37, 9.37, 2.42821518
8.38, 9.38, 2.779447974
8.39, 9.39, 2.506666094
8.4, 9.4, 2.481779913
8.41, 9.41, 2.633892042
8.42, 9.42, 2.561316406
8.43, 9.43, 2.585761104
8.44, 9.44, 2.499150099
8.45, 9.45, 2.563327158
8.46, 9.46, 2.718021231
8.47, 9.47, 2.390321911
8.48, 9.48, 2.522468498
8.49, 9.49, 2.857774993
8.5, 9.5, 2.313233683
8.51, 9.51, 2.453767747
8.52, 9.52, 2.988554372
8.53, 9.53, 2.266270286
8.54, 9.54, 2.373681565
8.55, 9.55, 3.099170041
8.56, 9.56, 2.243115416
8.57, 9.57, 2.297335746
8.58, 9.58, 3.183218345
8.59, 9.59, 2.235567893
8.6, 9.6, 2.236899394
8.61, 9.61, 3.237806035
8.62, 9.62, 2.235927522
8.63, 9.63, 2.200856469
8.64, 9.64, 3.262096149
8.65, 9.65, 2.238725803
8.66, 9.66, 2.193822836
8.67, 9.67, 3.256122906
8.68, 9.68, 2.241756961
8.69, 9.69, 2.216584665
8.7, 9.7, 3.220152894
8.71, 9.71, 2.246439214
8.72, 9.72, 2.266150168
8.73, 9.73, 3.154715846
8.74, 9.74, 2.25753434
8.75, 9.75, 2.335765695
8.76, 9.76, 3.061291359
8.77, 9.77, 2.282220571
8.78, 9.78, 2.41501349
8.79, 9.79, 2.943502258
8.8, 9.8, 2.328499718
8.81, 9.81, 2.490249527
8.82, 9.82, 2.808515764
8.83, 9.83, 2.402970363
8.84, 9.84, 2.545717998
8.85, 9.85, 2.668192918
8.86, 9.86, 2.508147336
8.87, 9.87, 2.565646959
8.88, 9.88, 2.539388736
8.89, 9.89, 2.639757606
8.9, 9.9, 2.537437505
8.91, 9.91, 2.442762869
8.92, 9.92, 2.78474998
8.93, 9.93, 2.45567671
8.94, 9.94, 2.399614955
8.95, 9.95, 2.921011308
8.96, 9.96, 2.326159448
8.97, 9.97, 2.426709463
8.98, 9.98, 3.019810046
8.99, 9.99, 2.168523986
9, 10, 2.529834886
9.01, 10.01, 3.051584176
9.02, 10.02, 2.015744459
9.03, 10.03, 2.697836725
9.04, 10.04, 2.994710222
9.05, 10.05, 1.90893081
9.06, 10.06, 2.899739059
9.07, 10.07, 2.845389785
9.08, 10.08, 1.886990926
9.09, 10.09, 3.087777064
9.1, 10.1, 2.625173053
9.11, 10.11, 1.972790462
9.12, 10.12, 3.208089954
9.13, 10.13, 2.381709606
9.14, 10.14, 2.160066214
9.15, 10.15, 3.218133221
9.16, 10.16, 2.179108428
9.17, 10.17, 2.407389782
9.18, 10.18, 3.105961843
9.19, 10.19, 2.077567754
9.2, 10.2, 2.645311435
9.21, 10.21, 2.902908109
9.22, 10.22, 2.107445349
9.23, 10.23, 2.799007615
9.24, 10.24, 2.680282613
9.25, 10.25, 2.248735289
9.26, 10.26, 2.821263316
9.27, 10.27, 2.524985779
9.28, 10.28, 2.429407082
9.29, 10.29, 2.721940158
9.3, 10.3, 2.498884371
9.31, 10.31, 2.551401534
9.32, 10.32, 2.575372534
9.33, 10.33, 2.599272531
9.34, 10.34, 2.539949754
9.35, 10.35, 2.492249464
9.36, 10.36, 2.745356246
9.37, 10.37, 2.394494315
9.38, 10.38, 2.559826848
9.39, 10.39, 2.809854639
9.4, 10.4, 2.208257722
9.41, 10.41, 2.778058058
9.42, 10.42, 2.691892235
9.43, 10.43, 2.130776909
9.44, 10.44, 3.034668397
9.45, 10.45, 2.395498441
9.46, 10.46, 2.278421756
9.47, 10.47, 3.152082835
9.48, 10.48, 2.058163504
9.49, 10.49, 2.639915163
9.5, 10.5, 2.997605978
9.51, 10.51, 1.889409949
9.52, 10.52, 3.047580476
9.53, 10.53, 2.59405982
9.54, 10.54, 2.035717964
9.55, 10.55, 3.25991021
9.56, 10.56, 2.142674669
9.57, 10.57, 2.456026456
9.58, 10.58, 3.124793943
9.59, 10.59, 1.911273035
9.6, 10.6, 2.914367935
9.61, 10.61, 2.711352135
9.62, 10.62, 2.042304761
9.63, 10.63, 3.129680539
9.64, 10.64, 2.287862083
9.65, 10.65, 2.426461365
9.66, 10.66, 2.991777894
9.67, 10.67, 2.126632208
9.68, 10.68, 2.771951661
9.69, 10.69, 2.661475943
9.7, 10.7, 2.277575534
9.71, 10.71, 2.846947768
9.72, 10.72, 2.434963492
9.73, 10.73, 2.523628292
9.74, 10.74, 2.690358114
9.75, 10.75, 2.463251664
9.76, 10.76, 2.597625555
9.77, 10.77, 2.565679799
9.78, 10.78, 2.598111268
9.79, 10.79, 2.473309431
9.8, 10.8, 2.661765359
9.81, 10.81, 2.562320944
9.82, 10.82, 2.408527131
9.83, 10.83, 2.843458688
9.84, 10.84, 2.306039666
9.85, 10.85, 2.633730524
9.86, 10.86, 2.776620957
9.87, 10.87, 2.137933493
9.88, 10.88, 3.00177525
9.89, 10.89, 2.361569905
9.9, 10.9, 2.392436679
9.91, 10.91, 3.06356004
9.92, 10.92, 1.972591417
9.93, 10.93, 2.950349961
9.94, 10.94, 2.598711122
9.95, 10.95, 2.105820587
9.96, 10.96, 3.239195933
9.97, 10.97, 2.000942331
9.98, 10.98, 2.741928406
9.99, 10.99, 2.865029663
10, 11, 1.929349699
10.01, 11.01, 3.235510718
10.02, 11.02, 2.171157428
10.03, 11.03, 2.509134658
10.04, 11.04, 3.028663765
10.05, 11.05, 1.920357561
10.06, 11.06, 3.094874804
10.07, 11.07, 2.373822259
10.08, 11.08, 2.362017577
10.09, 11.09, 3.038806602
10.1, 11.1, 2.049326651
10.11, 11.11, 2.902136831
10.12, 11.12, 2.520972048
10.13, 11.13, 2.343831139
10.14, 11.14, 2.914782352
10.15, 11.15, 2.252721451
10.16, 11.16, 2.724633783
10.17, 11.17, 2.579344522
10.18, 11.18, 2.438875473
10.19, 11.19, 2.707404907
10.2, 11.2, 2.476769193
10.21, 11.21, 2.587900632
10.22, 11.22, 2.564980463
10.23, 11.23, 2.599883492
10.24, 11.24, 2.468325173
10.25, 11.25, 2.693572326
10.26, 11.26, 2.481268446
10.27, 11.27, 2.521914414
10.28, 11.28, 2.770875834
10.29, 11.29, 2.239178005
10.3, 11.3, 2.894365154
10.31, 11.31, 2.377662024
10.32, 11.32, 2.500578681
10.33, 11.33, 2.899083556
10.34, 11.34, 2.055191566
10.35, 11.35, 3.072441845
10.36, 11.36, 2.255975391
10.37, 11.37, 2.539904666
10.38, 11.38, 2.941507322
10.39, 11.39, 1.951447456
10.4, 11.4, 3.207624512
10.41, 11.41, 2.119726659
10.42, 11.42, 2.651378492
10.43, 11.43, 2.874585634
10.44, 11.44, 1.960426872
10.45, 11.45, 3.262296511
10.46, 11.46, 2.006154319
10.47, 11.47, 2.805900642
10.48, 11.48, 2.710325538
10.49, 11.49, 2.094657528
10.5, 11.5, 3.196872148
10.51, 11.51, 1.976934016
10.52, 11.52, 2.932496987
10.53, 11.53, 2.51088888
10.54, 11.54, 2.319402328
10.55, 11.55, 3.005208758
10.56, 11.56, 2.082752705
10.57, 11.57, 2.944094103
10.58, 11.58, 2.381061162
10.59, 11.59, 2.537026798
10.6, 11.6, 2.752879236
10.61, 11.61, 2.308774799
10.62, 11.62, 2.797154641
10.63, 11.63, 2.417154762
10.64, 11.64, 2.616431946
10.65, 11.65, 2.578978942
10.66, 11.66, 2.538009811
10.67, 11.67, 2.559392031
10.68, 11.68, 2.619205554
10.69, 11.69, 2.484278138
10.7, 11.7, 2.620926537
10.71, 11.71, 2.592048287
10.72, 11.72, 2.416917459
10.73, 11.73, 2.830989195
10.74, 11.74, 2.232200571
10.75, 11.75, 2.876306797
10.76, 11.76, 2.375297189
10.77, 11.77, 2.553194955
10.78, 11.78, 2.80977625
10.79, 11.79, 2.119321016
10.8, 11.8, 3.119355013
10.81, 11.81, 2.032862924
10.82, 11.82, 2.93911777
10.83, 11.83, 2.453093319
10.84, 11.84, 2.371084063
10.85, 11.85, 3.034439383
10.86, 11.86, 1.918299451
10.87, 11.87, 3.246258693
10.88, 11.88, 2.001623183
10.89, 11.89, 2.885033417
10.9, 11.9, 2.557442376
10.91, 11.91, 2.262161632
10.92, 11.92, 3.107626517
10.93, 11.93, 1.902942983
10.94, 11.94, 3.20586132
10.95, 11.95, 2.073739118
10.96, 11.96, 2.818059673
10.97, 11.97, 2.582424901
10.98, 11.98, 2.30354093
10.99, 11.99, 2.996398022
11, 12, 2.0645718
11.01, 12.01, 3.031561703
11.02, 12.02, 2.214539118
11.03, 12.03, 2.7531922
11.04, 12.04, 2.543879183
11.05, 12.05, 2.45063153
11.06, 12.06, 2.759854024
11.07, 12.07, 2.351120117
11.08, 12.08, 2.746406002
11.09, 12.09, 2.445723712
11.1, 12.1, 2.61917368
11.11, 12.11, 2.554999806
11.12, 12.12, 2.566590036
11.13, 12.13, 2.533810175
11.14, 12.14, 2.653372834
11.15, 12.15, 2.411803483
11.16, 12.16, 2.766667683
-2, 2, 2.56208727
-1.99, 1.99, 2.54108218
-1.98, 1.98, 2.530500384
-1.97, 1.97, 2.535021687
-1.96, 1.96, 2.552414923
-1.95, 1.95, 2.574734519
-1.94, 1.94, 2.592131187
-1.93, 1.93, 2.597384791
-1.92, 1.92, 2.589006672
-1.91, 1.91, 2.571542003
-1.9, 1.9, 2.553099542
-1.89, 1.89, 2.54144082
-1.88, 1.88, 2.540552079
-1.87, 1.87, 2.549259412
-1.86, 1.86, 2.562364545
-1.85, 1.85, 2.573541966
-1.84, 1.84, 2.578452772
-1.83, 1.83, 2.576546264
-1.82, 1.82, 2.570778358
-1.81, 1.81, 2.565562569
-1.8, 1.8, 2.564135367
-1.79, 1.79, 2.566750681
-1.78, 1.78, 2.570633288
-1.77, 1.77, 2.571684842
-1.76, 1.76, 2.567024839
-1.75, 1.75, 2.557009304
-1.74, 1.74, 2.545610858
-1.73, 1.73, 2.538842776
-1.72, 1.72, 2.541881096
-1.71, 1.71, 2.556219519
-1.7, 1.7, 2.578257233
-1.69, 1.69, 2.600129763
-1.68, 1.68, 2.612606202
-1.67, 1.67, 2.608930037
-1.66, 1.66, 2.587995978
-1.65, 1.65, 2.555452113
-1.64, 1.64, 2.52212269
-1.63, 1.63, 2.500230967
-1.62, 1.62, 2.498816758
-1.61, 1.61, 2.520113642
-1.6, 1.6, 2.558323983
-1.59, 1.59, 2.601334473
-1.58, 1.58, 2.634803102
-1.57, 1.57, 2.647151463
-1.56, 1.56, 2.633654492
-1.55, 1.55, 2.598153727
-1.54, 1.54, 2.55179236
-1.53, 1.53, 2.509245832
-1.52, 1.52, 2.483801537
-1.51, 1.51, 2.48301254
-1.5, 1.5, 2.506397702
-1.49, 1.49, 2.54589899
-1.48, 1.48, 2.588827739
-1.47, 1.47, 2.622190173
-1.46, 1.46, 2.636866438
-1.45, 1.45, 2.630249487
-1.44, 1.44, 2.606554519
-1.43, 1.43, 2.574850197
-1.42, 1.42, 2.545635654
-1.41, 1.41, 2.527230219
-1.4, 1.4, 2.523223548
-1.39, 1.39, 2.531786921
-1.38, 1.38, 2.546950985
-1.37, 1.37, 2.561264191
-1.36, 1.36, 2.568796251
-1.35, 1.35, 2.567382811
-1.34, 1.34, 2.559325106
-1.33, 1.33, 2.550334737
-1.32, 1.32, 2.547141877
-1.31, 1.31, 2.554650548
-1.3, 1.3, 2.573676468
-1.29, 1.29, 2.600100221
-1.28, 1.28, 2.625787853
-1.27, 1.27, 2.641036281
-1.26, 1.26, 2.637787009
-1.25, 1.25, 2.612581765
-1.24, 1.24, 2.568289148
-1.23, 1.23, 2.513990853
-1.22, 1.22, 2.4629654
-1.21, 1.21, 2.429278466
-1.2, 1.2, 2.423911963
-1.19, 1.19, 2.451516997
-1.18, 1.18, 2.508718821
-1.17, 1.17, 2.584484175
-1.16, 1.16, 2.662504469
-1.15, 1.15, 2.725008078
-1.14, 1.14, 2.75703769
-1.13, 1.13, 2.750110941
-1.12, 1.12, 2.704348242
-1.11, 1.11, 2.628548822
-1.1, 1.1, 2.538214767
-1.09, 1.09, 2.452026721
-1.08, 1.08, 2.387638198
-1.07, 1.07, 2.35779349
-1.06, 1.06, 2.367663352
-1.05, 1.05, 2.413971663
-1.04, 1.04, 2.486043282
-1.03, 1.03, 2.568450685
-1.02, 1.02, 2.644582809
-1.01, 1.01, 2.700281683
-1, 1, 2.726722313
-0.99, 0.99, 2.721929476
-0.98, 0.98, 2.690669754
-0.97, 0.97, 2.642841307
-0.96, 0.96, 2.590817372
-0.95, 0.95, 2.546409906
-0.94, 0.94, 2.518167365
-0.93, 0.93, 2.509604981
-0.92, 0.92, 2.51872306
-0.91, 0.91, 2.53886032
-0.9, 0.9, 2.560627177
-0.89, 0.89, 2.574433627
-0.88, 0.88, 2.573013784
-0.87, 0.87, 2.553371735
-0.86, 0.86, 2.517718789
-0.85, 0.85, 2.473203133
-0.84, 0.84, 2.430496665
-0.83, 0.83, 2.401544095
-0.82, 0.82, 2.396948507
-0.81, 0.81, 2.42353478
-0.8, 0.8, 2.482589104
-0.79, 0.79, 2.569133019
-0.78, 0.78, 2.672385568
-0.77, 0.77, 2.777339302
-0.76, 0.76, 2.867169086
-0.75, 0.75, 2.926044027
-0.74, 0.74, 2.941846867
-0.73, 0.73, 2.9083296
-0.72, 0.72, 2.826340154
-0.71, 0.71, 2.703920057
-0.7, 0.7, 2.555265768
-0.69, 0.69, 2.398732626
-0.68, 0.68, 2.254209468
-0.67, 0.67, 2.14028155
-0.66, 0.66, 2.07161821
-0.65, 0.65, 2.056971092
-0.64, 0.64, 2.098060813
-0.63, 0.63, 2.189485127
-0.62, 0.62, 2.319624543
-0.61, 0.61, 2.472376627
-0.6, 0.6, 2.62943874
-0.59, 0.59, 2.772794971
-0.58, 0.58, 2.887052499
-0.57, 0.57, 2.961313347
-0.56, 0.56, 2.990349821
-0.55, 0.55, 2.974961214
-0.54, 0.54, 2.921508273
-0.53, 0.53, 2.840733248
-0.52, 0.52, 2.74606254
-0.51, 0.51, 2.651645578
-0.5, 0.5, 2.570402689
-0.49, 0.49, 2.512336725
-0.48, 0.48, 2.483313483
-0.47, 0.47, 2.48444341
-0.46, 0.46, 2.512112884
-0.45, 0.45, 2.558629054
-0.44, 0.44, 2.613368334
-0.43, 0.43, 2.664263449
-0.42, 0.42, 2.699432555
-0.41, 0.41, 2.70874823
-0.4, 0.4, 2.685162634
-0.39, 0.39, 2.625643591
-0.38, 0.38, 2.531628788
-0.37, 0.37, 2.40896441
-0.36, 0.36, 2.267353309
-0.35, 0.35, 2.119389615
-0.34, 0.34, 1.97929661
-0.33, 0.33, 1.861509332
-0.32, 0.32, 1.779251541
-0.31, 0.31, 1.743248925
-0.3, 0.3, 1.760698889
-0.29, 0.29, 1.834585428
-0.28, 0.28, 1.963389475
-0.27, 0.27, 2.141205036
-0.26, 0.26, 2.35823341
-0.25, 0.25, 2.601595352
-0.24, 0.24, 2.856376506
-0.23, 0.23, 3.106806572
-0.22, 0.22, 3.33746767
-0.21, 0.21, 3.534431926
-0.2, 0.2, 3.686240939
-0.19, 0.19, 3.784658781
-0.18, 0.18, 3.825153104
-0.17, 0.17, 3.807083635
-0.16, 0.16, 3.733601477
-0.15, 0.15, 3.611284395
-0.14, 0.14, 3.449551089
-0.13, 0.13, 3.259910356
-0.12, 0.12, 3.055108607
-0.11, 0.11, 2.848241298
-0.1, 0.1, 2.651891024
-0.09, 0.09, 2.477347957
-0.08, 0.08, 2.333958029
-0.07, 0.07, 2.228631828
-0.06, 0.06, 2.165533762
-0.05, 0.05, 2.145957625
-0.04, 0.04, 2.168382322
-0.03, 0.03, 2.228690726
-0.02, 0.02, 2.32052615
-0.01, 0.01, 2.435754903
0, 0, 2.565
0.01, -0.01, 2.698210172
0.02, -0.02, 2.825229733
0.03, -0.03, 2.936338059
0.04, -0.04, 3.022732217
0.05, -0.05, 3.076931949
0.06, -0.06, 3.093092501
0.07, -0.07, 3.067217117
0.08, -0.08, 2.997267081
0.09, -0.09, 2.883172697
0.1, -0.1, 2.726753197
0.11, -0.11, 2.531557323
0.12, -0.12, 2.302638915
0.13, -0.13, 2.046283484
0.14, -0.14, 1.769702309
0.15, -0.15, 1.480710387
0.16, -0.16, 1.187403453
0.17, -0.17, 0.89784773
0.18, -0.18, 0.619793961
0.19, -0.19, 0.360424957
0.2, -0.2, 0.126143425
0.21, -0.21, -0.077595578
0.22, -0.22, -0.24640558
0.23, -0.23, -0.377043099
0.24, -0.24, -0.46743744
0.25, -0.25, -0.516679311
0.26, -0.26, -0.524972833
0.27, -0.27, -0.493556341
0.28, -0.28, -0.424597869
0.29, -0.29, -0.321071407
0.3, -0.3, -0.186619913
0.31, -0.31, -0.025410834
0.32, -0.32, 0.158010645
0.33, -0.33, 0.358865946
0.34, -0.34, 0.572281064
0.35, -0.35, 0.793414914
0.36, -0.36, 1.017575527
0.37, -0.37, 1.240322306
0.38, -0.38, 1.457553212
0.39, -0.39, 1.665576346
0.4, -0.4, 1.861165959
0.41, -0.41, 2.041603318
0.42, -0.42, 2.204703276
0.43, -0.43, 2.348827606
0.44, -0.44, 2.472886398
0.45, -0.45, 2.576328902
0.46, -0.46, 2.659125247
0.47, -0.47, 2.721740452
0.48, -0.48, 2.765102073
0.49, -0.49, 2.790562714
0.5, -0.5, 2.799858511
0.51, -0.51, 2.79506449
0.52, -0.52, 2.77854759
0.53, -0.53, 2.752917905
0.54, -0.54, 2.720978553
0.55, -0.55, 2.685674435
0.56, -0.56, 2.650039959
0.57, -0.57, 2.617145726
0.58, -0.58, 2.590044057
0.59, -0.59, 2.571713196
0.6, -0.6, 2.565
0.61, -0.61, 2.572560935
0.62, -0.62, 2.596801289
0.63, -0.63, 2.639812586
0.64, -0.64, 2.703308382
0.65, -0.65, 2.788558802
0.66, -0.66, 2.89632444
0.67, -0.67, 3.026790545
0.68, -0.68, 3.179502765
0.69, -0.69, 3.353306069
0.7, -0.7, 3.546288902
0.71, -0.71, 3.755735011
0.72, -0.72, 3.978085825
0.73, -0.73, 4.208916634
0.74, -0.74, 4.442930173
0.75, -0.75, 4.673971508
0.76, -0.76, 4.895068253
0.77, -0.77, 5.098500243
0.78, -0.78, 5.275902596
0.79, -0.79, 5.418405788
0.8, -0.8, 5.516815755
0.81, -0.81, 5.561836151
0.82, -0.82, 5.544333701
0.83, -0.83, 5.455646055
0.84, -0.84, 5.287929643
0.85, -0.85, 5.034542847
0.86, -0.86, 4.690457187
0.87, -0.87, 4.252686478
0.88, -0.88, 3.720720815
0.89, -0.89, 3.096949208
0.9, -0.9, 2.387051574
0.91, -0.91, 1.600338014
0.92, -0.92, 0.750010882
0.93, -0.93, -0.146676535
0.94, -0.94, -1.068391703
0.95, -0.95, -1.989851408
0.96, -0.96, -2.882131806
0.97, -0.97, -3.713180858
0.98, -0.98, -4.448548464
0.99, -0.99, -5.052341818
1, -1, -5.488403667
1.01, -1.01, -5.72169912
1.02, -1.02, -5.719882883
1.03, -1.03, -5.455003425
1.04, -1.04, -4.905284505
1.05, -1.05, -4.056908261
1.06, -1.06, -2.905708891
1.07, -1.07, -1.458672954
1.08, -1.08, 0.264867122
1.09, -1.09, 2.232464137
1.1, -1.1, 4.398327619
1.11, -1.11, 6.703741576
1.12, -1.12, 9.078215584
1.13, -1.13, 11.44142773
1.14, -1.14, 13.70597957
1.15, -1.15, 15.78093548
1.16, -1.16, 17.57606305
1.17, -1.17, 19.00662959
1.18, -1.18, 19.99854602
1.19, -1.19, 20.49358709
1.2, -1.2, 20.45436206
1.21, -1.21, 19.86866749
1.22, -1.22, 18.7528304
1.23, -1.23, 17.15365186
1.24, -1.24, 15.14859275
1.25, -1.25, 12.84390959
1.26, -1.26, 10.37055083
1.27, -1.27, 7.877761657
1.28, -1.28, 5.524514787
1.29, -1.29, 3.46907765
1.3, -1.3, 1.857231233
1.31, -1.31, 0.809857182
1.32, -1.32, 0.410788888
1.33, -1.33, 0.69595826
1.34, -1.34, 1.644941385
1.35, -1.35, 3.175993088
1.36, -1.36, 5.145546276
1.37, -1.37, 7.352926643
1.38, -1.38, 9.55069564
1.39, -1.39, 11.46059422
1.4, -1.4, 12.79453896
1.41, -1.41, 13.27955617
1.42, -1.42, 12.68497641
1.43, -1.43, 10.84970876
1.44, -1.44, 7.70703562
1.45, -1.45, 3.30417851
1.46, -1.46, -2.18605999
1.47, -1.47, -8.463930067
1.48, -1.48, -15.11334692
1.49, -1.49, -21.62523904
1.5, -1.5, -27.43319734
1.51, -1.51, -31.95963414
1.52, -1.52, -34.66926549
1.53, -1.53, -35.12544506
1.54, -1.54, -33.0438736
1.55, -1.55, -28.33765214
1.56, -1.56, -21.14768912
1.57, -1.57, -11.85321418
1.58, -1.58, -1.058631756
1.59, -1.59, 10.44488452
1.6, -1.6, 21.74194612
1.61, -1.61, 31.87553704
1.62, -1.62, 39.94254908
1.63, -1.63, 45.19263408
1.64, -1.64, 47.11902648
1.65, -1.65, 45.52947392
1.66, -1.66, 40.58636875
1.67, -1.67, 32.8077202
1.68, -1.68, 23.02465906
1.69, -1.69, 12.29640989
1.7, -1.7, 1.789553753
1.71, -1.71, -7.365802868
1.72, -1.72, -14.22549975
1.73, -1.73, -18.16597342
1.74, -1.74, -18.98319546
1.75, -1.75, -16.93764782
1.76, -1.76, -12.73288971
1.77, -1.77, -7.423855566
1.78, -1.78, -2.261484331
1.79, -1.79, 1.508750248
1.8, -1.8, 2.867059482
1.81, -1.81, 1.224175981
1.82, -1.82, -3.42549238
1.83, -1.83, -10.43510286
1.84, -1.84, -18.5440401
1.85, -1.85, -26.03189474
1.86, -1.86, -30.97679395
1.87, -1.87, -31.58722336
1.88, -1.88, -26.55890234
1.89, -1.89, -15.39654865
1.9, -1.9, 1.362411067
1.91, -1.91, 22.07696631
1.92, -1.92, 44.11984207
1.93, -1.93, 64.18942411
1.94, -1.94, 78.78806547
1.95, -1.95, 84.80380868
1.96, -1.96, 80.10428057
1.97, -1.97, 64.03613974
1.98, -1.98, 37.72599248
1.99, -1.99, 4.101467026
2, -2, -32.40715923
2.01, -2.01, -66.46906266
2.02, -2.02, -92.68298399
2.03, -2.03, -106.5062609
2.04, -2.04, -105.1187412
2.05, -2.05, -88.05077742
2.06, -2.06, -57.4313433
2.07, -2.07, -17.77186153
2.08, -2.08, 24.7144273
2.09, -2.09, 63.16335383
2.1, -2.1, 91.30118312
2.11, -2.11, 104.639618
2.12, -2.12, 101.3753071
2.13, -2.13, 82.78558569
2.14, -2.14, 53.00363985
2.15, -2.15, 18.18370803
2.16, -2.16, -14.79481355
2.17, -2.17, -39.81758389
2.18, -2.18, -52.88609336
2.19, -2.19, -53.00157731
2.2, -2.2, -42.34161877
2.21, -2.21, -25.6447693
2.22, -2.22, -8.91213991
2.23, -2.23, 2.278621536
2.24, -2.24, 4.421711515
2.25, -2.25, -2.762999964
2.26, -2.26, -16.03976973
2.27, -2.27, -29.40003498
2.28, -2.28, -35.73677303
2.29, -2.29, -29.06980975
2.3, -2.3, -6.733471649
2.31, -2.31, 29.13111639
2.32, -2.32, 71.32659415
2.33, -2.33, 108.8557168
2.34, -2.34, 129.5433333
2.35, -2.35, 123.4612663
2.36, -2.36, 86.27168369
2.37, -2.37, 21.49355378
2.38, -2.38, -59.13845765
2.39, -2.39, -137.6191805
2.4, -2.4, -193.702907
2.41, -2.41, -210.1569199
2.42, -2.42, -177.89703
2.43, -2.43, -99.51236587
2.44, -2.44, 10.04235795
2.45, -2.45, 126.137397
2.46, -2.46, 220.1673071
2.47, -2.47, 266.9544448
2.48, -2.48, 251.8987883
2.49, -2.49, 175.7766857
2.5, -2.5, 55.57280747
2.51, -2.51, -79.24171214
2.52, -2.52, -194.2536495
2.53, -2.53, -259.5179611
2.54, -2.54, -258.144604
2.55, -2.55, -191.4198117
2.56, -2.56, -78.71193768
2.57, -2.57, 48.05833763
2.58, -2.58, 153.8804585
2.59, -2.59, 211.1871518
2.6, -2.6, 208.0941919
2.61, -2.61, 151.5849153
2.62, -2.62, 64.47025326
2.63, -2.63, -22.93925355
2.64, -2.64, -83.60463754
2.65, -2.65, -103.1274632
2.66, -2.66, -84.22513362
2.67, -2.67, -44.51399445
2.68, -2.68, -8.306159324
2.69, -2.69, 4.45526108
2.7, -2.7, -12.37263311
2.71, -2.71, -47.49650415
2.72, -2.72, -76.42233846
2.73, -2.73, -72.46153507
2.74, -2.74, -20.32900532
2.75, -2.75, 73.51547115
2.76, -2.76, 178.9994255
2.77, -2.77, 251.2775731
2.78, -2.78, 248.1232345
2.79, -2.79, 149.5998949
2.8, -2.8, -28.28168801
2.81, -2.81, -232.9530476
2.82, -2.82, -390.2484102
2.83, -2.83, -431.1540721
2.84, -2.84, -320.9087794
2.85, -2.85, -78.55200058
2.86, -2.86, 222.714012
2.87, -2.87, 477.2594903
2.88, -2.88, 584.850652
2.89, -2.89, 490.9741264
2.9, -2.9, 213.294037
2.91, -2.91, -158.2727341
2.92, -2.92, -490.7085415
2.93, -2.93, -657.1137706
2.94, -2.94, -587.43547
2.95, -2.95, -299.7583259
2.96, -2.96, 102.3689191
2.97, -2.97, 467.784888
2.98, -2.98, 656.966746
2.99, -2.99, 598.7487631
3, -3, 320.2295387
3.01, -3.01, -63.98447389
3.02, -3.02, -399.7589432
3.03, -3.03, -558.4707678
3.04, -3.04, -490.5735739
3.05, -3.05, -243.5980734
3.06, -3.06, 63.58685098
3.07, -3.07, 298.0193625
3.08, -3.08, 373.9540247
3.09, -3.09, 288.5678787
3.1, -3.1, 114.9411658
3.11, -3.11, -43.13388684
3.12, -3.12, -109.938049
3.13, -3.13, -77.95149106
3.14, -3.14, -6.646448672
3.15, -3.15, 19.99662915
3.16, -3.16, -46.96379392
3.17, -3.17, -180.9756081
3.18, -3.18, -286.4369416
3.19, -3.19, -253.9222118
3.2, -3.2, -35.84632148
3.21, -3.21, 302.8306175
3.22, -3.22, 596.0858384
3.23, -3.23, 655.55347
3.24, -3.24, 381.0271637
3.25, -3.25, -158.5143183
3.26, -3.26, -727.9009106
3.27, -3.27, -1026.839103
3.28, -3.28, -847.4995573
3.29, -3.29, -206.8989997
3.3, -3.3, 626.2174467
3.31, -3.31, 1241.690524
3.32, -3.32, 1292.856786
3.33, -3.33, 693.2352488
3.34, -3.34, -306.7971325
3.35, -3.35, -1220.716361
3.36, -3.36, -1567.099144
3.37, -3.37, -1130.576218
3.38, -3.38, -98.11861415
3.39, -3.39, 1016.371564
3.4, -3.4, 1633.056352
3.41, -3.41, 1418.558129
3.42, -3.42, 476.5750135
3.43, -3.43, -697.4606608
3.44, -3.44, -1482.041938
3.45, -3.45, -1471.419899
3.46, -3.46, -699.2785842
3.47, -3.47, 386.9791631
3.48, -3.48, 1188.299419
3.49, -3.49, 1298.212205
3.5, -3.5, 724.2372407
3.51, -3.51, -143.9514659
3.52, -3.52, -792.9556702
3.53, -3.53, -902.4164978
3.54, -3.54, -517.7561901
3.55, -3.55, 25.15135786
3.56, -3.56, 359.5846355
3.57, -3.57, 343.5121536
3.58, -3.58, 129.263763
3.59, -3.59, 2.685536274
3.6, -3.6, 120.5302902
3.61, -3.61, 357.6725114
3.62, -3.62, 399.3395104
3.63, -3.63, 23.87997115
3.64, -3.64, -643.9878451
3.65, -3.65, -1137.04385
3.66, -3.66, -956.7791384
3.67, -3.67, 5.021177982
3.68, -3.68, 1261.310888
3.69, -3.69, 1957.959167
3.7, -3.7, 1447.432694
3.71, -3.71, -170.634345
3.72, -3.72, -1967.532968
3.73, -3.73, -2712.093867
3.74, -3.74, -1716.693877
3.75, -3.75, 577.2687121
3.76, -3.76, 2750.484044
3.77, -3.77, 3289.763937
3.78, -3.78, 1655.138622
3.79, -3.79, -1228.151557
3.8, -3.8, -3478.97392
3.81, -3.81, -3507.011154
3.82, -3.82, -1161.709804
3.83, -3.83, 2060.790125
3.84, -3.84, 3978.24362
3.85, -3.85, 3233.939651
3.86, -3.86, 292.2774737
3.87, -3.87, -2835.368915
3.88, -3.88, -3989.805817
3.89, -3.89, -2401.820805
3.9, -3.9, 758.4696633
3.91, -3.91, 3242.092666
3.92, -3.92, 3362.960516
3.93, -3.93, 1195.199053
3.94, -3.94, -1565.293815
3.95, -3.95, -2938.397488
3.96, -3.96, -2136.102204
3.97, -3.97, -35.07188728
3.98, -3.98, 1666.146007
3.99, -3.99, 1849.099878
4, -4, 760.2235406
4.01, -4.01, -420.1711821
4.02, -4.02, -748.3356177
4.03, -4.03, -321.5941137
4.04, -4.04, 6.078552031
4.05, -4.05, -335.0415848
4.06, -4.06, -917.4782922
4.07, -4.07, -723.6995069
4.08, -4.08, 654.5898784
4.09, -4.09, 2251.826029
4.1, -4.1, 2360.871259
4.11, -4.11, 203.5958715
4.12, -4.12, -2906.810236
4.13, -4.13, -4271.950857
4.14, -4.14, -2120.2582
4.15, -4.15, 2425.445643
4.16, -4.16, 5749.028371
4.17, -4.17, 4619.11294
4.18, -4.18, -732.2255034
4.19, -4.19, -6216.313455
4.2, -4.2, -7007.195151
4.21, -4.21, -1815.840056
4.22, -4.22, 5477.774028
4.23, -4.23, 8697.640116
4.24, -4.24, 4666.149368
4.25, -4.25, -3659.350209
4.26, -4.26, -9300.654283
4.27, -4.27, -7185.101135
4.28, -4.28, 1201.415697
4.29, -4.29, 8772.772056
4.3, -4.3, 8906.386365
4.31, -4.31, 1370.022702
4.32, -4.32, -7303.24724
4.33, -4.33, -9543.492548
4.34, -4.34, -3507.578865
4.35, -4.35, 5300.971595
4.36, -4.36, 9087.627184
4.37, -4.37, 4830.974053
4.38, -4.38, -3196.04611
4.39, -4.39, -7680.265128
4.4, -4.4, -5095.770369
4.41, -4.41, 1418.846802
4.42, -4.42, 5617.111574
4.43, -4.43, 4275.14911
4.44, -4.44, -247.7923033
4.45, -4.45, -3182.809643
4.46, -4.46, -2442.725609
4.47, -4.47, -141.2269434
4.48, -4.48, 664.6154883
4.49, -4.49, -195.6102225
4.5, -4.5, -242.0309692
4.51, -4.51, 1773.094594
4.52, -4.52, 3432.218366
4.53, -4.53, 1304.009437
4.54, -4.54, -4023.21478
4.55, -4.55, -7011.134041
4.56, -4.56, -2814.975974
4.57, -4.57, 6110.769832
4.58, -4.58, 10727.9102
4.59, -4.59, 4522.891927
4.6, -4.6, -8085.367108
4.61, -4.61, -14348.21421
4.62, -4.62, -6101.703722
4.63, -4.63, 10065.14947
4.64, -4.64, 17678.28526
4.65, -4.65, 7263.056919
4.66, -4.66, -12108.94429
4.67, -4.67, -20466.67193
4.68, -4.68, -7706.768542
4.69, -4.69, 14249.8984
4.7, -4.7, 22475.37519
4.71, -4.71, 7242.999943
4.72, -4.72, -16368.60889
4.73, -4.73, -23403.05477
4.74, -4.74, -5760.71559
4.75, -4.75, 18243.42764
4.76, -4.76, 22999.26786
4.77, -4.77, 3368.706795
4.78, -4.78, -19463.0463
4.79, -4.79, -21048.93499
4.8, -4.8, -370.5221946
4.81, -4.81, 19546.42068
4.82, -4.82, 17555.18329
4.83, -4.83, -2619.435893
4.84, -4.84, -17957.89687
4.85, -4.85, -12778.41555
4.86, -4.86, 4778.368638
4.87, -4.87, 14353.51943
4.88, -4.88, 7426.729587
4.89, -4.89, -5103.750611
4.9, -4.9, -8717.546262
4.91, -4.91, -2614.936922
4.92, -4.92, 2723.580749
4.93, -4.93, 1671.701284
4.94, -4.94, -147.9830713
4.95, -4.95, 2843.599303
4.96, -4.96, 5457.451447
4.97, -4.97, -667.6939119
4.98, -4.98, -11209.99839
4.99, -4.99, -10603.39044
5, -5, 6190.683893
5.01, -5.01, 20882.40106
5.02, -5.02, 11401.89323
5.03, -5.03, -16426.66604
5.04, -5.04, -29137.69616
5.05, -5.05, -5832.247198
5.06, -5.06, 29768.20226
5.07, -5.07, 32544.64968
5.08, -5.08, -6714.864406
5.09, -5.09, -42728.99341
5.1, -5.1, -27907.05844
5.11, -5.11, 24586.42127
5.12, -5.12, 50574.23335
5.13, -5.13, 13813.01707
5.14, -5.14, -43416.64271
5.15, -5.15, -48693.92789
5.16, -5.16, 8035.002371
5.17, -5.17, 56948.9772
5.18, -5.18, 34813.30082
5.19, -5.19, -32187.1636
5.2, -5.2, -59051.04736
5.21, -5.21, -10909.87316
5.22, -5.22, 50654.96897
5.23, -5.23, 46817.48248
5.24, -5.24, -16084.30333
5.25, -5.25, -55907.41114
5.26, -5.26, -23116.18027
5.27, -5.27, 36269.37528
5.28, -5.28, 45126.39832
5.29, -5.29, -2979.776084
5.3, -5.3, -41255.58203
5.31, -5.31, -23234.84844
5.32, -5.32, 19649.14839
5.33, -5.33, 29762.67292
5.34, -5.34, 2314.209401
5.35, -5.35, -18914.61321
5.36, -5.36, -10560.13723
5.37, -5.37, 4396.363035
5.38, -5.38, 3463.08098
5.39, -5.39, -496.6645788
5.4, -5.4, 8225.485375
5.41, -5.41, 11856.74492
5.42, -5.42, -9602.625164
5.43, -5.43, -30061.46974
5.44, -5.44, -7511.124545
5.45, -5.45, 39088.866
5.46, -5.46, 38258.25382
5.47, -5.47, -25615.07615
5.48, -5.48, -66428.47105
5.49, -5.49, -11883.71094
5.5, -5.5, 73245.24353
5.51, -5.51, 60771.23729
5.52, -5.52, -47865.12321
5.53, -5.53, -99567.07723
5.54, -5.54, -5872.852286
5.55, -5.55, 108265.9673
5.56, -5.56, 70174.83972
5.57, -5.57, -78020.68233
5.58, -5.58, -120664.9909
5.59, -5.59, 15780.25459
5.6, -5.6, 136952.7395
5.61, -5.61, 58365.23518
5.62, -5.62, -111146.6915
5.63, -5.63, -119300.9516
5.64, -5.64, 50974.34514
5.65, -5.65, 146921.2971
5.66, -5.66, 23741.47688
5.67, -5.67, -133487.4552
5.68, -5.68, -89020.0319
5.69, -5.69, 85840.7269
5.7, -5.7, 125826.2448
5.71, -5.71, -21785.11256
5.72, -5.72, -126433.7565
5.73, -5.73, -37132.62121
5.74, -5.74, 96209.40765
5.75, -5.75, 73667.35385
5.76, -5.76, -50370.34946
5.77, -5.77, -80452.42995
5.78, -5.78, 7715.491284
5.79, -5.79, 61687.04877
5.8, -5.8, 16405.94833
5.81, -5.81, -30513.02548
5.82, -5.82, -15108.46549
5.83, -5.83, 3749.203369
5.84, -5.84, -8196.101589
5.85, -5.85, 4253.227447
5.86, -5.86, 41658.83344
5.87, -5.87, 13726.08201
5.88, -5.88, -69250.67577
5.89, -5.89, -55598.03762
5.9, -5.9, 76118.04047
5.91, -5.91, 110931.3264
5.92, -5.92, -53033.72031
5.93, -5.93, -164139.7973
5.94, -5.94, -945.9886852
5.95, -5.95, 199025.145
5.96, -5.96, 78434.46179
5.97, -5.97, -202999.7279
5.98, -5.98, -165700.7096
5.99, -5.99, 170214.2382
6, -6, 246228.8293
6.01, -6.01, -102650.8522
6.02, -6.02, -304500.0794
6.03, -6.03, 9458.349285
6.04, -6.04, 329370.084
6.05, -6.05, 95383.23613
6.06, -6.06, -316044.4701
6.07, -6.07, -196045.2457
6.08, -6.08, 266702.7456
6.09, -6.09, 278049.9819
6.1, -6.1, -189540.5463
6.11, -6.11, -330719.0247
6.12, -6.12, 96936.98554
6.13, -6.13, 348791.9588
6.14, -6.14, -2939.580317
6.15, -6.15, -332750.8012
6.16, -6.16, -79078.44419
6.17, -6.17, 288283.0783
6.18, -6.18, 138490.4599
6.19, -6.19, -224828.7571
6.2, -6.2, -168624.0967
6.21, -6.21, 153893.1402
6.22, -6.22, 167341.0793
6.23, -6.23, -87148.87566
6.24, -6.24, -136721.0934
6.25, -6.25, 34942.86182
6.26, -6.26, 82344.65725
6.27, -6.27, -5068.699874
6.28, -6.28, -12066.94612
6.29, -6.29, 2215.262148
6.3, -6.3, -65163.84896
6.31, -6.31, -27750.828
6.32, -6.32, 140578.4416
6.33, -6.33, 80089.19366
6.34, -6.34, -206480.3625
6.35, -6.35, -155187.3253
6.36, -6.36, 257011.1133
6.37, -6.37, 247368.4371
6.38, -6.38, -288435.9348
6.39, -6.39, -350017.5696
6.4, -6.4, 299301.372
6.41, -6.41, 456377.8246
6.42, -6.42, -290189.2956
6.43, -6.43, -560050.2598
6.44, -6.44, 263463.6554
6.45, -6.45, 655489.2752
6.46, -6.46, -222751.6145
6.47, -6.47, -738157.092
6.48, -6.48, 172549.8447
6.49, -6.49, 804679.6389
6.5, -6.5, -117676.8577
6.51, -6.51, -852704.4281
6.52, -6.52, 62933.30507
6.53, -6.53, 880825.8145
6.54, -6.54, -12660.40557
6.55, -6.55, -888289.0271
6.56, -6.56, -29469.45921
6.57, -6.57, 874839.6465
6.58, -6.58, 60761.82255
6.59, -6.59, -840424.7098
6.6, -6.6, -79589.342
6.61, -6.61, 785103.1479
6.62, -6.62, 85599.52598
6.63, -6.63, -708861.0266
6.64, -6.64, -79720.41049
6.65, -6.65, 611677.9783
6.66, -6.66, 64294.942
6.67, -6.67, -493528.5609
6.68, -6.68, -43010.64793
6.69, -6.69, 354652.1439
6.7, -6.7, 20939.04166
6.71, -6.71, -195759.9618
6.72, -6.72, -4333.784284
6.73, -6.73, 18493.95025
6.74, -6.74, 486.0210332
6.75, -6.75, 174218.3222
6.76, -6.76, -17274.89559
6.77, -6.77, -377628.5012
6.78, -6.78, 62709.86583
6.79, -6.79, 584843.9172
6.8, -6.8, -144115.0398
6.81, -6.81, -786470.8805
6.82, -6.82, 267283.2544
6.83, -6.83, 970653.9298
6.84, -6.84, -435304.1397
6.85, -6.85, -1123293.069
6.86, -6.86, 647472.6502
6.87, -6.87, 1228872.874
6.88, -6.88, -898083.4818
6.89, -6.89, -1271654.083
6.9, -6.9, 1175632.872
6.91, -6.91, 1237579.271
6.92, -6.92, -1462345.202
6.93, -6.93, -1116498.255
6.94, -6.94, 1734628.548
6.95, -6.95, 904852.9462
6.96, -6.96, -1964394.737
6.97, -6.97, -608158.0433
6.98, -6.98, 2121761.102
6.99, -6.99, 243120.2698
7, -7, -2178838.913
7.01, -7.01, 161537.8227
7.02, -7.02, 2114726.73
7.03, -7.03, -565870.5194
7.04, -7.04, -1920851.014
7.05, -7.05, 922010.098
7.06, -7.06, 1606097.069
7.07, -7.07, -1179948.204
7.08, -7.08, -1200196.803
7.09, -7.09, 1295956.901
